2	7356
2	2967
2	2422
2	2339
2	2325
2	2307
2	2275
2	2549
2	2258
2	2302
4	8567
4	8233
4	7435
4	8870
4	8217
4	7977
4	7931
4	8379
4	8883
4	8110
8	41379
8	38639
8	36202
8	38533
8	36211
8	35263
8	35255
8	39567
8	37541
8	35910
16	233237
16	238644
16	239222
16	245701
16	231137
16	236758
16	224630
16	240735
16	237405
16	231656
32	1337936
32	377987
32	379452
32	346074
32	355598
32	358912
32	374976
32	359180
32	361834
32	365996
64	449082
64	470906
64	408024
64	442676
64	404246
64	446946
64	404712
64	440179
64	403847
64	442986
128	2628795
128	2637968
128	2757251
128	2731708
128	2723725
128	2712891
128	3021877
128	2714423
128	2718624
128	2681118
256	28095784
256	27458786
256	35020913
256	34405892
256	35218501
256	41826203
256	42024577
256	51845629
256	63438644
256	65125552
512	464535909
512	544340628
512	516471618
512	518411104
512	515223851
512	516683086
512	536838685
512	547673588
512	516333849
512	506648293
