2	35052
2	17093
2	16147
2	15919
2	15869
2	15879
2	16036
2	19631
2	15974
2	15953
4	223002
4	145357
4	148308
4	127804
4	141921
4	168838
4	118274
4	114950
4	113934
4	109442
8	717098
8	488011
8	438169
8	446061
8	425849
8	424563
8	436352
8	441264
8	441024
8	448820
16	3506180
16	6459352
16	4094843
16	3471192
16	3345614
16	3488612
16	3220945
16	3616385
16	3149249
16	3372977
32	29196712
32	26652320
32	26572537
32	27005757
32	28263226
32	26785501
32	25867232
32	28841253
32	26859344
32	25922225
64	116543519
64	118273203
64	113360243
64	95874783
64	96404894
64	99073000
64	134588685
64	103118514
64	95222140
64	117299506
128	782219328
128	764116257
128	800181983
128	803600490
128	765321015
128	829953505
128	766070826
128	809587642
128	771260278
128	800420898
256	6472168837
256	6656846804
256	6576741893
256	6501798007
256	7153628855
256	6798863356
256	6741505646
256	6611790921
256	6643643863
256	6586139426
512	52760610707
512	53190797481
512	53821136446
512	54572289286
512	55307858453
512	55299340994
512	56570641711
512	56702538147
512	55176697365
512	54818729919

