2	42496
2	24048
2	22894
2	22920
2	23004
2	22609
2	22654
2	33317
2	23011
2	22851
4	310402
4	221228
4	180956
4	127993
4	105005
4	104173
4	120777
4	103412
4	105945
4	102733
8	976014
8	596466
8	587787
8	591336
8	577480
8	560953
8	612791
8	585791
8	582774
8	579262
16	4137605
16	4430020
16	3917556
16	3703184
16	3797368
16	3651535
16	3541433
16	3880357
16	3557576
16	3607703
32	20222251
32	13403906
32	13286707
32	15085665
32	13319857
32	13302316
32	15662031
32	13364196
32	13378778
32	13298052
64	97272840
64	118410947
64	84809576
64	114304395
64	95401252
64	87721836
64	88300473
64	86694277
64	84664314
64	84772903
128	615056365
128	623251666
128	592224634
128	616014266
128	599241680
128	655607550
128	594756712
128	594154061
128	672383710
128	635180713
256	4674355101
256	4572417597
256	4468392312
256	4428543964
256	4522666745
256	4578835077
256	4464801905
256	4632293357
256	4803294383
256	4394688689
512	31011841019
512	31939345332
512	31535652797
512	31304118748
512	32163888749
512	30648918574
512	31494153235
512	33651484222
512	31554638206
512	31667842485
